+---+--------------------+-------------+--------+----------+--------+----------+
| k | Интервал неопредел | Соотношение |   x1   |  f(x1)   |   x2   |  f(x2)   |
|   |      енности       |     длин    |        |          |        |          |
+---+--------------------+-------------+--------+----------+--------+----------+
| 1 | (-10.000, 15.000)  |     1.0     |  2.45  | 3080.528 |  2.55  | 3249.285 |
+---+--------------------+-------------+--------+----------+--------+----------+
| 2 |  (-10.000, 2.500)  |     0.5     |  -3.8  |  2.074   |  -3.7  |  2.856   |
+---+--------------------+-------------+--------+----------+--------+----------+
| 3 | (-10.000, -3.750)  |    0.25     | -6.925 |  13.732  | -6.825 |  11.093  |
+---+--------------------+-------------+--------+----------+--------+----------+
| 4 |  (-6.875, -3.750)  |    0.125    | -5.362 |  0.017   | -5.263 |  0.005   |
+---+--------------------+-------------+--------+----------+--------+----------+
| 5 |  (-5.312, -3.750)  |    0.062    | -4.581 |  0.031   | -4.481 |  0.072   |
+---+--------------------+-------------+--------+----------+--------+----------+
| 6 |  (-5.312, -4.531)  |    0.031    | -4.972 |   0.0    | -4.872 |   0.0    |
+---+--------------------+-------------+--------+----------+--------+----------+
| 7 |  (-5.312, -4.922)  |    0.016    | -5.167 |  0.001   | -5.067 |   0.0    |
+---+--------------------+-------------+--------+----------+--------+----------+
| 8 |  (-5.117, -4.922)  |    0.008    | -5.07  |   0.0    | -4.97  |   0.0    |
+---+--------------------+-------------+--------+----------+--------+----------+
| 9 |  (-5.020, -4.922)  |      -      |   -    |    -     |   -    |    -     |
+---+--------------------+-------------+--------+----------+--------+----------+
