+----+--------------------+-------------+--------+----------+---------+--------+
| k  | Интервал неопредел | Соотношение |   x1   |  f(x1)   |   x2    | f(x2)  |
|    |      енности       |     длин    |        |          |         |        |
+----+--------------------+-------------+--------+----------+---------+--------+
| 1  |      (2, 200)      |     1.0     | 77.629 | 3927.424 | 124.371 | 11966. |
|    |                    |             |        |          |         |  959   |
+----+--------------------+-------------+--------+----------+---------+--------+
| 2  |    (2, 124.371)    |    0.618    | 48.741 | 1143.486 | 77.629  | 3927.4 |
|    |                    |             |        |          |         |   24   |
+----+--------------------+-------------+--------+----------+---------+--------+
| 3  |    (2, 77.629)     |    0.382    | 30.888 | 257.423  | 48.741  | 1143.4 |
|    |                    |             |        |          |         |   86   |
+----+--------------------+-------------+--------+----------+---------+--------+
| 4  |    (2, 48.741)     |    0.236    | 19.854 |  28.558  | 30.888  | 257.42 |
|    |                    |             |        |          |         |   3    |
+----+--------------------+-------------+--------+----------+---------+--------+
| 5  |    (2, 30.888)     |    0.146    | 13.034 |  8.864   | 19.854  | 28.558 |
+----+--------------------+-------------+--------+----------+---------+--------+
| 6  |    (2, 19.854)     |    0.09     | 8.819  |   43.2   | 13.034  | 8.864  |
+----+--------------------+-------------+--------+----------+---------+--------+
| 7  |  (8.819, 19.854)   |    0.056    | 13.034 |  8.864   | 15.639  | 5.408  |
+----+--------------------+-------------+--------+----------+---------+--------+
| 8  |  (13.034, 19.854)  |    0.034    | 15.639 |  5.408   | 17.249  | 10.058 |
+----+--------------------+-------------+--------+----------+---------+--------+
| 9  |  (13.034, 17.249)  |    0.021    | 14.644 |  5.127   | 15.639  | 5.408  |
+----+--------------------+-------------+--------+----------+---------+--------+
| 10 |  (13.034, 15.639)  |    0.013    | 14.029 |  5.943   | 14.644  | 5.127  |
+----+--------------------+-------------+--------+----------+---------+--------+
| 11 |  (14.029, 15.639)  |    0.008    | 14.644 |  5.127   | 15.023  |  5.0   |
+----+--------------------+-------------+--------+----------+---------+--------+
| 12 |  (14.644, 15.639)  |    0.005    | 15.023 |   5.0    |  15.26  | 5.068  |
+----+--------------------+-------------+--------+----------+---------+--------+
| 13 |  (14.644, 15.26)   |    0.003    | 14.881 |  5.014   | 15.023  |  5.0   |
+----+--------------------+-------------+--------+----------+---------+--------+
| 14 |  (14.881, 15.26)   |    0.002    | 15.023 |   5.0    | 15.118  | 5.014  |
+----+--------------------+-------------+--------+----------+---------+--------+
| 15 |  (14.881, 15.118)  |    0.001    | 14.976 |  5.001   | 15.023  |  5.0   |
+----+--------------------+-------------+--------+----------+---------+--------+
| 16 |  (14.976, 15.118)  |      -      |   -    |    -     |    -    |   -    |
+----+--------------------+-------------+--------+----------+---------+--------+
