+----+---------------------+--------------+--------+---------+--------+--------+
| k  | Интервал неопределе | Соотношение  |   x1   |  f(x1)  |   x2   | f(x2)  |
|    |       нности        |     длин     |        |         |        |        |
+----+---------------------+--------------+--------+---------+--------+--------+
| 1  |  (-10.000, 15.000)  |     1.0      | -0.451 | 428.273 | 5.451  | 11929. |
|    |                     |              |        |         |        |  065   |
+----+---------------------+--------------+--------+---------+--------+--------+
| 2  |  (-10.000, 5.451)   |    0.618     | -4.098 |  0.661  | -0.451 | 428.27 |
|    |                     |              |        |         |        |   3    |
+----+---------------------+--------------+--------+---------+--------+--------+
| 3  |  (-10.000, -0.451)  |    0.382     | -6.353 |  3.347  | -4.098 | 0.661  |
+----+---------------------+--------------+--------+---------+--------+--------+
| 4  |  (-6.353, -0.451)   |    0.236     | -4.098 |  0.661  | -2.705 | 27.737 |
+----+---------------------+--------------+--------+---------+--------+--------+
| 5  |  (-6.353, -2.705)   |    0.146     | -4.959 |   0.0   | -4.098 | 0.661  |
+----+---------------------+--------------+--------+---------+--------+--------+
| 6  |  (-6.353, -4.098)   |     0.09     | -5.492 |  0.058  | -4.959 |  0.0   |
+----+---------------------+--------------+--------+---------+--------+--------+
| 7  |  (-5.492, -4.098)   |    0.056     | -4.959 |   0.0   | -4.63  | 0.019  |
+----+---------------------+--------------+--------+---------+--------+--------+
| 8  |  (-5.492, -4.630)   |    0.034     | -5.163 |  0.001  | -4.959 |  0.0   |
+----+---------------------+--------------+--------+---------+--------+--------+
| 9  |  (-5.163, -4.630)   |    0.021     | -4.959 |   0.0   | -4.834 | 0.001  |
+----+---------------------+--------------+--------+---------+--------+--------+
| 10 |  (-5.163, -4.834)   |    0.013     | -5.037 |   0.0   | -4.959 |  0.0   |
+----+---------------------+--------------+--------+---------+--------+--------+
| 11 |  (-5.163, -4.959)   |    0.008     | -5.085 |   0.0   | -5.037 |  0.0   |
+----+---------------------+--------------+--------+---------+--------+--------+
| 12 |  (-5.085, -4.959)   |    0.005     | -5.037 |   0.0   | -5.007 |  0.0   |
+----+---------------------+--------------+--------+---------+--------+--------+
| 13 |  (-5.037, -4.959)   |      -       |   -    |    -    |   -    |   -    |
+----+---------------------+--------------+--------+---------+--------+--------+
